Forage: 30, 30, 32, 28, 24, 26, 23, 31, 22, 20, 23
Forage: 25, 28, 30, 29, 25, 20, 23, 13, 25, 15, 21, 14, 12, 26
Forage: 26, 35, 29, 31, 25, 31, 16, 20, 17, 28, 23, 13
Forage: 31, 36, 22, 29, 24, 30, 24, 30, 32, 17, 24
Forage: 25, 36, 25, 22, 19, 34, 13, 25, 23, 21, 17, 22, 14, 9
Forage: 31, 29, 26, 20, 28, 17, 17, 31, 20, 23, 22, 15, 16
Forage: 31, 38, 30, 33, 29, 23, 26, 31, 24, 20, 21
Forage: 30, 32, 24, 36, 25, 29, 30, 21, 25, 15, 22, 16
Forage: 27, 30, 27, 31, 24, 23, 20, 27, 18, 29, 16, 18
Forage: 25, 32, 29, 18, 29, 33, 25, 16, 22, 14, 21, 16, 17
